   10   -2    3    9    7    6    2  -10    9   10
    4   -5    3   -4   -3   -2    3    4    8    8
   -1   -1    7   -4    9    3    2   -5   10   -2
   -2    2   -2   -1  -10   -6   -5   -3   -6   -7
    7    8    1   -1    2   -8  -10   -6   -2   -9
    1   -2   -3    8   -7   -3   -2    8    9   -9
    0    1    4    5    5    3    0    7   -3    0
   10    2    4   -1    0   10    2  -10    2   10
    5   -8    8   -6   -7    7    0   -5   -2    6
    8    5    4   -6    4    3    1   -7    8    4

