   -7    4    9   -4   -7    8    2    7   -5  -10
   -8    7   -8   -6    2    2   -8    2    5   -4
   -6    8   -5   -1    1   -2   -1    3   10    9
   -2    6    5    0   -9   -3   -4    4    0    8
   -9   -8    2   -1    4   -5    6    4   -2   -7
    7    9    7    0    2   10    8   10   -1    7
   -9    7   -1   10   -8    5   -9   -1    1    1
   -9   -2   -2    6    8    8   -4    5    2    9
   -3   -1    1   -6  -10   -2    2   -2   -6   -5
    1   -6    5    3   10   -4   -1   -8   -3   -9

