    3    2   12    5    0   14    4   -3    4    0
   -4    2   -5  -10   -1    0   -5    6   13    4
   -7    7    2   -5   10    1    1   -2   20    7
   -4    8    3   -1  -19   -9   -9    1   -6    1
   -2    0    3   -2    6  -13   -4   -2   -4  -16
    8    7    4    8   -5    7    6   18    8   -2
   -9    8    3   15   -3    8   -9    6   -2    1
    1    0    2    5    8   18   -2   -5    4   19
    2   -9    9  -12  -17    5    2   -7   -8    1
    9   -1    9   -3   14   -1    0  -15    5   -5

